Крок    t       psi(t)   i(t)        e(t)  psi(t+dt) 
   0  0.00000   0.0120   0.0011  236.75216   0.0120 
   1  0.00005   0.0200   0.0018  160.07840   0.0200 
   2  0.00010   0.0283   0.0026  163.26787   0.0283 
   3  0.00015   0.0367   0.0033  166.40760   0.0367 
   4  0.00020   0.0452   0.0041  169.49664   0.0452 
   5  0.00025   0.0540   0.0049  172.53405   0.0540 
   6  0.00030   0.0628   0.0057  175.51891   0.0628 
   7  0.00035   0.0718   0.0065  178.45030   0.0718 
   8  0.00040   0.0810   0.0074  181.32734   0.0810 
   9  0.00045   0.0903   0.0082  184.14914   0.0903 
  10  0.00051   0.0997   0.0091  186.91484   0.0997 
  11  0.00056   0.1093   0.0099  189.62361   0.1093 
  12  0.00061   0.1190   0.0108  192.27462   0.1190 
  13  0.00066   0.1288   0.0117  194.86706   0.1288 
  14  0.00071   0.1387   0.0126  197.40015   0.1387 
  15  0.00076   0.1488   0.0136  199.87310   0.1488 
  16  0.00081   0.1590   0.0145  202.28517   0.1590 
  17  0.00086   0.1693   0.0155  204.63562   0.1693 
  18  0.00091   0.1798   0.0164  206.92374   0.1798 
  19  0.00096   0.1903   0.0174  209.14882   0.1903 
  20  0.00101   0.2010   0.0184  211.31020   0.2010 
  21  0.00106   0.2117   0.0194  213.40721   0.2117 
  22  0.00111   0.2226   0.0204  215.43921   0.2226 
  23  0.00116   0.2335   0.0215  217.40559   0.2335 
  24  0.00121   0.2446   0.0225  219.30575   0.2446 
  25  0.00126   0.2557   0.0236  221.13910   0.2557 
  26  0.00131   0.2670   0.0247  222.90509   0.2670 
  27  0.00136   0.2783   0.0258  224.60318   0.2783 
  28  0.00141   0.2897   0.0270  226.23286   0.2897 
  29  0.00146   0.3011   0.0282  227.79362   0.3011 
  30  0.00152   0.3127   0.0294  229.28500   0.3127 
  31  0.00157   0.3243   0.0306  230.70653   0.3243 
  32  0.00162   0.3360   0.0319  232.05779   0.3360 
  33  0.00167   0.3477   0.0332  233.33836   0.3477 
  34  0.00172   0.3596   0.0346  234.54785   0.3596 
  35  0.00177   0.3714   0.0360  235.68590   0.3714 
  36  0.00182   0.3833   0.0375  236.75216   0.3833 
  37  0.00187   0.3953   0.0390  237.74630   0.3953 
  38  0.00192   0.4073   0.0406  238.66801   0.4073 
  39  0.00197   0.4194   0.0422  239.51703   0.4194 
  40  0.00202   0.4314   0.0439  240.29309   0.4314 
  41  0.00207   0.4436   0.0457  240.99596   0.4436 
  42  0.00212   0.4557   0.0476  241.62541   0.4557 
  43  0.00217   0.4679   0.0496  242.18126   0.4679 
  44  0.00222   0.4801   0.0517  242.66334   0.4801 
  45  0.00227   0.4923   0.0539  243.07151   0.4923 
  46  0.00232   0.5045   0.0562  243.40563   0.5045 
  47  0.00237   0.5168   0.0586  243.66561   0.5168 
  48  0.00242   0.5290   0.0611  243.85136   0.5290 
  49  0.00247   0.5413   0.0638  243.96284   0.5413 
  50  0.00253   0.5535   0.0667  244.00000   0.5535 
  51  0.00258   0.5658   0.0696  243.96284   0.5658 
  52  0.00263   0.5780   0.0728  243.85136   0.5780 
  53  0.00268   0.5902   0.0762  243.66561   0.5902 
  54  0.00273   0.6024   0.0797  243.40563   0.6024 
  55  0.00278   0.6146   0.0834  243.07151   0.6146 
  56  0.00283   0.6268   0.0873  242.66334   0.6268 
  57  0.00288   0.6389   0.0915  242.18126   0.6389 
  58  0.00293   0.6510   0.0959  241.62541   0.6510 
  59  0.00298   0.6631   0.1005  240.99596   0.6631 
  60  0.00303   0.6751   0.1054  240.29309   0.6751 
  61  0.00308   0.6870   0.1105  239.51703   0.6870 
  62  0.00313   0.6990   0.1159  238.66801   0.6990 
  63  0.00318   0.7108   0.1216  237.74630   0.7108 
  64  0.00323   0.7227   0.1275  236.75216   0.7227 
  65  0.00328   0.7344   0.1338  235.68590   0.7344 
  66  0.00333   0.7461   0.1404  234.54785   0.7461 
  67  0.00338   0.7577   0.1472  233.33836   0.7577 
  68  0.00343   0.7693   0.1544  232.05779   0.7693 
  69  0.00348   0.7808   0.1620  230.70653   0.7808 
  70  0.00354   0.7921   0.1698  229.28500   0.7921 
  71  0.00359   0.8035   0.1780  227.79362   0.8035 
  72  0.00364   0.8147   0.1866  226.23286   0.8147 
  73  0.00369   0.8258   0.1955  224.60318   0.8258 
  74  0.00374   0.8368   0.2048  222.90509   0.8368 
  75  0.00379   0.8478   0.2144  221.13910   0.8478 
  76  0.00384   0.8586   0.2243  219.30575   0.8586 
  77  0.00389   0.8693   0.2347  217.40559   0.8693 
  78  0.00394   0.8799   0.2454  215.43921   0.8799 
  79  0.00399   0.8904   0.2564  213.40721   0.8904 
  80  0.00404   0.9008   0.2678  211.31020   0.9008 
  81  0.00409   0.9110   0.2796  209.14882   0.9110 
  82  0.00414   0.9212   0.2917  206.92374   0.9212 
  83  0.00419   0.9312   0.3041  204.63562   0.9312 
  84  0.00424   0.9410   0.3169  202.28517   0.9410 
  85  0.00429   0.9507   0.3300  199.87310   0.9507 
  86  0.00434   0.9603   0.3434  197.40015   0.9603 
  87  0.00439   0.9698   0.3571  194.86706   0.9698 
  88  0.00444   0.9791   0.3710  192.27462   0.9791 
  89  0.00449   0.9882   0.3853  189.62361   0.9882 
  90  0.00455   0.9972   0.3998  186.91484   0.9972 
  91  0.00460   1.0060   0.4145  184.14914   1.0060 
  92  0.00465   1.0147   0.4295  181.32734   1.0147 
  93  0.00470   1.0232   0.4446  178.45030   1.0232 
  94  0.00475   1.0316   0.4600  175.51891   1.0316 
  95  0.00480   1.0398   0.4755  172.53405   1.0398 
  96  0.00485   1.0478   0.4911  169.49664   1.0478 
  97  0.00490   1.0556   0.5068  166.40760   1.0556 
  98  0.00495   1.0633   0.5226  163.26787   1.0633 
  99  0.00500   1.0707   0.5385  160.07840   1.0707 
 100  0.00505   1.0780   0.5544  156.84018   1.0780 
 101  0.00510   1.0851   0.5703  153.55418   1.0851 
 102  0.00515   1.0921   0.5862  150.22140   1.0921 
 103  0.00520   1.0988   0.6020  146.84287   1.0988 
 104  0.00525   1.1053   0.6177  143.41960   1.1053 
 105  0.00530   1.1117   0.6333  139.95265   1.1117 
 106  0.00535   1.1179   0.6488  136.44307   1.1179 
 107  0.00540   1.1238   0.6640  132.89192   1.1238 
 108  0.00545   1.1296   0.6791  129.30030   1.1296 
 109  0.00551   1.1351   0.6939  125.66929   1.1351 
 110  0.00556   1.1405   0.7085  122.00000   1.1405 
 111  0.00561   1.1456   0.7227  118.29355   1.1456 
 112  0.00566   1.1506   0.7367  114.55106   1.1506 
 113  0.00571   1.1553   0.7502  110.77368   1.1553 
 114  0.00576   1.1599   0.7634  106.96256   1.1599 
 115  0.00581   1.1642   0.7761  103.11886   1.1642 
 116  0.00586   1.1683   0.7884  99.24374   1.1683 
 117  0.00591   1.1722   0.8002  95.33840   1.1722 
 118  0.00596   1.1759   0.8115  91.40401   1.1759 
 119  0.00601   1.1793   0.8223  87.44178   1.1793 
 120  0.00606   1.1826   0.8325  83.45291   1.1826 
 121  0.00611   1.1856   0.8422  79.43863   1.1856 
 122  0.00616   1.1885   0.8513  75.40015   1.1885 
 123  0.00621   1.1911   0.8597  71.33870   1.1911 
 124  0.00626   1.1935   0.8675  67.25551   1.1935 
 125  0.00631   1.1957   0.8747  63.15185   1.1957 
 126  0.00636   1.1976   0.8812  59.02894   1.1976 
 127  0.00641   1.1994   0.8870  54.88806   1.1994 
 128  0.00646   1.2009   0.8921  50.73045   1.2009 
 129  0.00652   1.2022   0.8965  46.55739   1.2022 
 130  0.00657   1.2033   0.9002  42.37016   1.2033 
 131  0.00662   1.2042   0.9032  38.17001   1.2042 
 132  0.00667   1.2049   0.9055  33.95824   1.2049 
 133  0.00672   1.2053   0.9070  29.73612   1.2053 
 134  0.00677   1.2056   0.9078  25.50495   1.2056 
 135  0.00682   1.2056   0.9079  21.26600   1.2056 
 136  0.00687   1.2054   0.9072  17.02058   1.2054 
 137  0.00692   1.2050   0.9058  12.76997   1.2050 
 138  0.00697   1.2044   0.9037  8.51548   1.2044 
 139  0.00702   1.2035   0.9009  4.25839   1.2035 
 140  0.00707   1.2025   0.8973  -0.00000   1.2025 
 141  0.00712   1.2012   0.8931  -4.25839   1.2012 
 142  0.00717   1.1998   0.8882  -8.51548   1.1998 
 143  0.00722   1.1981   0.8826  -12.76997   1.1981 
 144  0.00727   1.1962   0.8764  -17.02058   1.1962 
 145  0.00732   1.1941   0.8695  -21.26600   1.1941 
 146  0.00737   1.1918   0.8620  -25.50495   1.1918 
 147  0.00742   1.1893   0.8539  -29.73612   1.1893 
 148  0.00747   1.1866   0.8452  -33.95824   1.1866 
 149  0.00753   1.1837   0.8359  -38.17001   1.1837 
 150  0.00758   1.1806   0.8261  -42.37016   1.1806 
 151  0.00763   1.1773   0.8158  -46.55739   1.1773 
 152  0.00768   1.1737   0.8050  -50.73045   1.1737 
 153  0.00773   1.1700   0.7937  -54.88806   1.1700 
 154  0.00778   1.1661   0.7820  -59.02894   1.1661 
 155  0.00783   1.1620   0.7698  -63.15185   1.1620 
 156  0.00788   1.1577   0.7572  -67.25551   1.1577 
 157  0.00793   1.1533   0.7443  -71.33870   1.1533 
 158  0.00798   1.1486   0.7310  -75.40015   1.1486 
 159  0.00803   1.1437   0.7174  -79.43863   1.1437 
 160  0.00808   1.1387   0.7036  -83.45291   1.1387 
 161  0.00813   1.1335   0.6894  -87.44178   1.1335 
 162  0.00818   1.1280   0.6751  -91.40401   1.1280 
 163  0.00823   1.1224   0.6605  -95.33840   1.1224 
 164  0.00828   1.1167   0.6457  -99.24374   1.1167 
 165  0.00833   1.1107   0.6308  -103.11886   1.1107 
 166  0.00838   1.1046   0.6158  -106.96256   1.1046 
 167  0.00843   1.0983   0.6007  -110.77368   1.0983 
 168  0.00848   1.0918   0.5855  -114.55106   1.0918 
 169  0.00854   1.0851   0.5702  -118.29355   1.0851 
 170  0.00859   1.0783   0.5550  -122.00000   1.0783 
 171  0.00864   1.0713   0.5397  -125.66929   1.0713 
 172  0.00869   1.0641   0.5245  -129.30030   1.0641 
 173  0.00874   1.0568   0.5093  -132.89192   1.0568 
 174  0.00879   1.0493   0.4942  -136.44307   1.0493 
 175  0.00884   1.0417   0.4792  -139.95265   1.0417 
 176  0.00889   1.0339   0.4643  -143.41960   1.0339 
 177  0.00894   1.0259   0.4496  -146.84287   1.0259 
 178  0.00899   1.0178   0.4350  -150.22140   1.0178 
 179  0.00904   1.0096   0.4206  -153.55418   1.0096 
 180  0.00909   1.0012   0.4063  -156.84018   1.0012 
 181  0.00914   0.9926   0.3923  -160.07840   0.9926 
 182  0.00919   0.9839   0.3785  -163.26787   0.9839 
 183  0.00924   0.9751   0.3649  -166.40760   0.9751 
 184  0.00929   0.9661   0.3516  -169.49664   0.9661 
 185  0.00934   0.9570   0.3386  -172.53405   0.9570 
 186  0.00939   0.9477   0.3258  -175.51891   0.9477 
 187  0.00944   0.9383   0.3133  -178.45030   0.9383 
 188  0.00949   0.9288   0.3011  -181.32734   0.9288 
 189  0.00955   0.9191   0.2892  -184.14914   0.9191 
 190  0.00960   0.9094   0.2776  -186.91484   0.9094 
 191  0.00965   0.8995   0.2663  -189.62361   0.8995 
 192  0.00970   0.8894   0.2554  -192.27462   0.8894 
 193  0.00975   0.8793   0.2447  -194.86706   0.8793 
 194  0.00980   0.8690   0.2344  -197.40015   0.8690 
 195  0.00985   0.8587   0.2244  -199.87310   0.8587 
 196  0.00990   0.8482   0.2148  -202.28517   0.8482 
 197  0.00995   0.8376   0.2054  -204.63562   0.8376 
 198  0.01000   0.8269   0.1964  -206.92374   0.8269 
 199  0.01005   0.8161   0.1877  -209.14882   0.8161 
 200  0.01010   0.8052   0.1794  -211.31020   0.8052 
 201  0.01015   0.7943   0.1713  -213.40721   0.7943 
 202  0.01020   0.7832   0.1636  -215.43921   0.7832 
 203  0.01025   0.7720   0.1562  -217.40559   0.7720 
 204  0.01030   0.7607   0.1491  -219.30575   0.7607 
 205  0.01035   0.7494   0.1423  -221.13910   0.7494 
 206  0.01040   0.7380   0.1358  -222.90509   0.7380 
 207  0.01045   0.7265   0.1295  -224.60318   0.7265 
 208  0.01051   0.7149   0.1236  -226.23286   0.7149 
 209  0.01056   0.7033   0.1179  -227.79362   0.7033 
 210  0.01061   0.6915   0.1125  -229.28500   0.6915 
 211  0.01066   0.6798   0.1073  -230.70653   0.6798 
 212  0.01071   0.6679   0.1024  -232.05779   0.6679 
 213  0.01076   0.6560   0.0978  -233.33836   0.6560 
 214  0.01081   0.6441   0.0933  -234.54785   0.6441 
 215  0.01086   0.6320   0.0891  -235.68590   0.6320 
 216  0.01091   0.6200   0.0851  -236.75216   0.6200 
 217  0.01096   0.6079   0.0813  -237.74630   0.6079 
 218  0.01101   0.5957   0.0777  -238.66801   0.5957 
 219  0.01106   0.5835   0.0743  -239.51703   0.5835 
 220  0.01111   0.5713   0.0711  -240.29309   0.5713 
 221  0.01116   0.5591   0.0680  -240.99596   0.5591 
 222  0.01121   0.5468   0.0651  -241.62541   0.5468 
 223  0.01126   0.5345   0.0623  -242.18126   0.5345 
 224  0.01131   0.5221   0.0597  -242.66334   0.5221 
 225  0.01136   0.5098   0.0572  -243.07151   0.5098 
 226  0.01141   0.4974   0.0548  -243.40563   0.4974 
 227  0.01146   0.4851   0.0526  -243.66561   0.4851 
 228  0.01152   0.4727   0.0504  -243.85136   0.4727 
 229  0.01157   0.4603   0.0484  -243.96284   0.4603 
 230  0.01162   0.4479   0.0464  -244.00000   0.4479 
 231  0.01167   0.4356   0.0445  -243.96284   0.4356 
 232  0.01172   0.4232   0.0428  -243.85136   0.4232 
 233  0.01177   0.4108   0.0411  -243.66561   0.4108 
 234  0.01182   0.3985   0.0394  -243.40563   0.3985 
 235  0.01187   0.3862   0.0378  -243.07151   0.3862 
 236  0.01192   0.3739   0.0363  -242.66334   0.3739 
 237  0.01197   0.3616   0.0348  -242.18126   0.3616 
 238  0.01202   0.3494   0.0334  -241.62541   0.3494 
 239  0.01207   0.3371   0.0320  -240.99596   0.3371 
 240  0.01212   0.3250   0.0307  -240.29309   0.3250 
 241  0.01217   0.3128   0.0294  -239.51703   0.3128 
 242  0.01222   0.3007   0.0281  -238.66801   0.3007 
 243  0.01227   0.2887   0.0269  -237.74630   0.2887 
 244  0.01232   0.2767   0.0257  -236.75216   0.2767 
 245  0.01237   0.2648   0.0245  -235.68590   0.2648 
 246  0.01242   0.2529   0.0233  -234.54785   0.2529 
 247  0.01247   0.2411   0.0222  -233.33836   0.2411 
 248  0.01253   0.2294   0.0211  -232.05779   0.2294 
 249  0.01258   0.2177   0.0200  -230.70653   0.2177 
 250  0.01263   0.2061   0.0189  -229.28500   0.2061 
 251  0.01268   0.1945   0.0178  -227.79362   0.1945 
 252  0.01273   0.1831   0.0167  -226.23286   0.1831 
 253  0.01278   0.1717   0.0157  -224.60318   0.1717 
 254  0.01283   0.1605   0.0146  -222.90509   0.1605 
 255  0.01288   0.1493   0.0136  -221.13910   0.1493 
 256  0.01293   0.1382   0.0126  -219.30575   0.1382 
 257  0.01298   0.1272   0.0116  -217.40559   0.1272 
 258  0.01303   0.1163   0.0106  -215.43921   0.1163 
 259  0.01308   0.1055   0.0096  -213.40721   0.1055 
 260  0.01313   0.0948   0.0086  -211.31020   0.0948 
 261  0.01318   0.0842   0.0077  -209.14882   0.0842 
 262  0.01323   0.0738   0.0067  -206.92374   0.0738 
 263  0.01328   0.0634   0.0058  -204.63562   0.0634 
 264  0.01333   0.0532   0.0048  -202.28517   0.0532 
 265  0.01338   0.0431   0.0039  -199.87310   0.0431 
 266  0.01343   0.0331   0.0030  -197.40015   0.0331 
 267  0.01348   0.0233   0.0021  -194.86706   0.0233 
 268  0.01354   0.0136   0.0012  -192.27462   0.0136 
 269  0.01359   0.0040   0.0004  -189.62361   0.0040 
 270  0.01364  -0.0054   -0.0005  -186.91484   -0.0054 
 271  0.01369  -0.0147   -0.0013  -184.14914   -0.0147 
 272  0.01374  -0.0239   -0.0022  -181.32734   -0.0239 
 273  0.01379  -0.0329   -0.0030  -178.45030   -0.0329 
 274  0.01384  -0.0418   -0.0038  -175.51891   -0.0418 
 275  0.01389  -0.0505   -0.0046  -172.53405   -0.0505 
 276  0.01394  -0.0590   -0.0054  -169.49664   -0.0590 
 277  0.01399  -0.0674   -0.0061  -166.40760   -0.0674 
 278  0.01404  -0.0757   -0.0069  -163.26787   -0.0757 
 279  0.01409  -0.0837   -0.0076  -160.07840   -0.0837 
 280  0.01414  -0.0916   -0.0083  -156.84018   -0.0916 
 281  0.01419  -0.0994   -0.0090  -153.55418   -0.0994 
 282  0.01424  -0.1070   -0.0097  -150.22140   -0.1070 
 283  0.01429  -0.1144   -0.0104  -146.84287   -0.1144 
 284  0.01434  -0.1216   -0.0111  -143.41960   -0.1216 
 285  0.01439  -0.1287   -0.0117  -139.95265   -0.1287 
 286  0.01444  -0.1355   -0.0123  -136.44307   -0.1355 
 287  0.01449  -0.1422   -0.0130  -132.89192   -0.1422 
 288  0.01455  -0.1488   -0.0136  -129.30030   -0.1488 
 289  0.01460  -0.1551   -0.0141  -125.66929   -0.1551 
 290  0.01465  -0.1612   -0.0147  -122.00000   -0.1612 
 291  0.01470  -0.1672   -0.0153  -118.29355   -0.1672 
 292  0.01475  -0.1730   -0.0158  -114.55106   -0.1730 
 293  0.01480  -0.1785   -0.0163  -110.77368   -0.1785 
 294  0.01485  -0.1839   -0.0168  -106.96256   -0.1839 
 295  0.01490  -0.1891   -0.0173  -103.11886   -0.1891 
 296  0.01495  -0.1941   -0.0177  -99.24374   -0.1941 
 297  0.01500  -0.1989   -0.0182  -95.33840   -0.1989 
 298  0.01505  -0.2035   -0.0186  -91.40401   -0.2035 
 299  0.01510  -0.2079   -0.0190  -87.44178   -0.2079 
 300  0.01515  -0.2121   -0.0194  -83.45291   -0.2121 
 301  0.01520  -0.2161   -0.0198  -79.43863   -0.2161 
 302  0.01525  -0.2198   -0.0202  -75.40015   -0.2198 
 303  0.01530  -0.2234   -0.0205  -71.33870   -0.2234 
 304  0.01535  -0.2268   -0.0208  -67.25551   -0.2268 
 305  0.01540  -0.2300   -0.0211  -63.15185   -0.2300 
 306  0.01545  -0.2329   -0.0214  -59.02894   -0.2329 
 307  0.01551  -0.2357   -0.0217  -54.88806   -0.2357 
 308  0.01556  -0.2382   -0.0219  -50.73045   -0.2382 
 309  0.01561  -0.2405   -0.0221  -46.55739   -0.2405 
 310  0.01566  -0.2426   -0.0223  -42.37016   -0.2426 
 311  0.01571  -0.2445   -0.0225  -38.17001   -0.2445 
 312  0.01576  -0.2462   -0.0227  -33.95824   -0.2462 
 313  0.01581  -0.2477   -0.0228  -29.73612   -0.2477 
 314  0.01586  -0.2490   -0.0230  -25.50495   -0.2490 
 315  0.01591  -0.2500   -0.0231  -21.26600   -0.2500 
 316  0.01596  -0.2509   -0.0231  -17.02058   -0.2509 
 317  0.01601  -0.2515   -0.0232  -12.76997   -0.2515 
 318  0.01606  -0.2519   -0.0232  -8.51548   -0.2519 
 319  0.01611  -0.2521   -0.0233  -4.25839   -0.2521 
 320  0.01616  -0.2520   -0.0233  0.00000   -0.2520 
 321  0.01621  -0.2518   -0.0232  4.25839   -0.2518 
 322  0.01626  -0.2513   -0.0232  8.51548   -0.2513 
 323  0.01631  -0.2507   -0.0231  12.76997   -0.2507 
 324  0.01636  -0.2498   -0.0230  17.02058   -0.2498 
 325  0.01641  -0.2487   -0.0229  21.26600   -0.2487 
 326  0.01646  -0.2474   -0.0228  25.50495   -0.2474 
 327  0.01652  -0.2458   -0.0227  29.73612   -0.2458 
 328  0.01657  -0.2441   -0.0225  33.95824   -0.2441 
 329  0.01662  -0.2421   -0.0223  38.17001   -0.2421 
 330  0.01667  -0.2400   -0.0221  42.37016   -0.2400 
 331  0.01672  -0.2376   -0.0219  46.55739   -0.2376 
 332  0.01677  -0.2350   -0.0216  50.73045   -0.2350 
 333  0.01682  -0.2322   -0.0213  54.88806   -0.2322 
 334  0.01687  -0.2292   -0.0211  59.02894   -0.2292 
 335  0.01692  -0.2260   -0.0207  63.15185   -0.2260 
 336  0.01697  -0.2226   -0.0204  67.25551   -0.2226 
 337  0.01702  -0.2189   -0.0201  71.33870   -0.2189 
 338  0.01707  -0.2151   -0.0197  75.40015   -0.2151 
 339  0.01712  -0.2111   -0.0193  79.43863   -0.2111 
 340  0.01717  -0.2068   -0.0189  83.45291   -0.2068 
 341  0.01722  -0.2024   -0.0185  87.44178   -0.2024 
 342  0.01727  -0.1978   -0.0181  91.40401   -0.1978 
 343  0.01732  -0.1929   -0.0176  95.33840   -0.1929 
 344  0.01737  -0.1879   -0.0172  99.24374   -0.1879 
 345  0.01742  -0.1827   -0.0167  103.11886   -0.1827 
 346  0.01747  -0.1772   -0.0162  106.96256   -0.1772 
 347  0.01753  -0.1716   -0.0157  110.77368   -0.1716 
 348  0.01758  -0.1658   -0.0151  114.55106   -0.1658 
 349  0.01763  -0.1598   -0.0146  118.29355   -0.1598 
 350  0.01768  -0.1537   -0.0140  122.00000   -0.1537 
 351  0.01773  -0.1473   -0.0134  125.66929   -0.1473 
 352  0.01778  -0.1407   -0.0128  129.30030   -0.1407 
 353  0.01783  -0.1340   -0.0122  132.89192   -0.1340 
 354  0.01788  -0.1271   -0.0116  136.44307   -0.1271 
 355  0.01793  -0.1200   -0.0109  139.95265   -0.1200 
 356  0.01798  -0.1128   -0.0103  143.41960   -0.1128 
 357  0.01803  -0.1053   -0.0096  146.84287   -0.1053 
 358  0.01808  -0.0977   -0.0089  150.22140   -0.0977 
 359  0.01813  -0.0900   -0.0082  153.55418   -0.0900 
 360  0.01818  -0.0821   -0.0075  156.84018   -0.0821 
 361  0.01823  -0.0740   -0.0067  160.07840   -0.0740 
 362  0.01828  -0.0657   -0.0060  163.26787   -0.0657 
 363  0.01833  -0.0573   -0.0052  166.40760   -0.0573 
 364  0.01838  -0.0487   -0.0044  169.49664   -0.0487 
 365  0.01843  -0.0400   -0.0036  172.53405   -0.0400 
 366  0.01848  -0.0311   -0.0028  175.51891   -0.0311 
 367  0.01854  -0.0221   -0.0020  178.45030   -0.0221 
 368  0.01859  -0.0130   -0.0012  181.32734   -0.0130 
 369  0.01864  -0.0037   -0.0003  184.14914   -0.0037 
 370  0.01869   0.0058   0.0005  186.91484   0.0058 
 371  0.01874   0.0154   0.0014  189.62361   0.0154 
 372  0.01879   0.0251   0.0023  192.27462   0.0251 
 373  0.01884   0.0349   0.0032  194.86706   0.0349 
 374  0.01889   0.0449   0.0041  197.40015   0.0449 
 375  0.01894   0.0550   0.0050  199.87310   0.0550 
 376  0.01899   0.0652   0.0059  202.28517   0.0652 
 377  0.01904   0.0755   0.0069  204.63562   0.0755 
 378  0.01909   0.0859   0.0078  206.92374   0.0859 
 379  0.01914   0.0965   0.0088  209.14882   0.0965 
 380  0.01919   0.1072   0.0098  211.31020   0.1072 
 381  0.01924   0.1179   0.0107  213.40721   0.1179 
 382  0.01929   0.1288   0.0117  215.43921   0.1288 
 383  0.01934   0.1398   0.0127  217.40559   0.1398 
 384  0.01939   0.1508   0.0137  219.30575   0.1508 
 385  0.01944   0.1620   0.0148  221.13910   0.1620 
 386  0.01949   0.1732   0.0158  222.90509   0.1732 
 387  0.01955   0.1845   0.0169  224.60318   0.1845 
 388  0.01960   0.1959   0.0179  226.23286   0.1959 
 389  0.01965   0.2074   0.0190  227.79362   0.2074 
 390  0.01970   0.2190   0.0201  229.28500   0.2190 
 391  0.01975   0.2306   0.0212  230.70653   0.2306 
 392  0.01980   0.2423   0.0223  232.05779   0.2423 
 393  0.01985   0.2541   0.0235  233.33836   0.2541 
 394  0.01990   0.2659   0.0246  234.54785   0.2659 
 395  0.01995   0.2778   0.0258  235.68590   0.2778 
 396  0.02000   0.2897   0.0270  236.75216   0.2897 
 397  0.02005   0.3017   0.0282  237.74630   0.3017 
 398  0.02010   0.3137   0.0295  238.66801   0.3137 
 399  0.02015   0.3257   0.0308  239.51703   0.3257 
 400  0.02020   0.3378   0.0321  240.29309   0.3378 
 401  0.02025   0.3500   0.0335  240.99596   0.3500 
 402  0.02030   0.3621   0.0349  241.62541   0.3621 
 403  0.02035   0.3743   0.0364  242.18126   0.3743 
 404  0.02040   0.3866   0.0379  242.66334   0.3866 
 405  0.02045   0.3988   0.0394  243.07151   0.3988 
 406  0.02051   0.4110   0.0411  243.40563   0.4110 
 407  0.02056   0.4233   0.0428  243.66561   0.4233 
 408  0.02061   0.4356   0.0445  243.85136   0.4356 
 409  0.02066   0.4478   0.0464  243.96284   0.4478 
 410  0.02071   0.4601   0.0483  244.00000   0.4601 
 411  0.02076   0.4724   0.0504  243.96284   0.4724 
 412  0.02081   0.4846   0.0525  243.85136   0.4846 
 413  0.02086   0.4969   0.0547  243.66561   0.4969 
 414  0.02091   0.5091   0.0570  243.40563   0.5091 
 415  0.02096   0.5213   0.0595  243.07151   0.5213 
 416  0.02101   0.5335   0.0621  242.66334   0.5335 
 417  0.02106   0.5456   0.0648  242.18126   0.5456 
 418  0.02111   0.5578   0.0677  241.62541   0.5578 
 419  0.02116   0.5699   0.0707  240.99596   0.5699 
 420  0.02121   0.5819   0.0739  240.29309   0.5819 
 421  0.02126   0.5939   0.0772  239.51703   0.5939 
 422  0.02131   0.6059   0.0807  238.66801   0.6059 
 423  0.02136   0.6178   0.0844  237.74630   0.6178 
 424  0.02141   0.6297   0.0883  236.75216   0.6297 
 425  0.02146   0.6415   0.0924  235.68590   0.6415 
 426  0.02152   0.6532   0.0967  234.54785   0.6532 
 427  0.02157   0.6649   0.1012  233.33836   0.6649 
 428  0.02162   0.6765   0.1060  232.05779   0.6765 
 429  0.02167   0.6880   0.1109  230.70653   0.6880 
 430  0.02172   0.6995   0.1161  229.28500   0.6995 
 431  0.02177   0.7108   0.1216  227.79362   0.7108 
 432  0.02182   0.7221   0.1272  226.23286   0.7221 
 433  0.02187   0.7333   0.1332  224.60318   0.7333 
 434  0.02192   0.7444   0.1394  222.90509   0.7444 
 435  0.02197   0.7554   0.1458  221.13910   0.7554 
 436  0.02202   0.7663   0.1526  219.30575   0.7663 
 437  0.02207   0.7771   0.1596  217.40559   0.7771 
 438  0.02212   0.7878   0.1668  215.43921   0.7878 
 439  0.02217   0.7984   0.1743  213.40721   0.7984 
 440  0.02222   0.8089   0.1821  211.31020   0.8089 
 441  0.02227   0.8192   0.1902  209.14882   0.8192 
 442  0.02232   0.8295   0.1985  206.92374   0.8295 
 443  0.02237   0.8396   0.2071  204.63562   0.8396 
 444  0.02242   0.8495   0.2160  202.28517   0.8495 
 445  0.02247   0.8594   0.2251  199.87310   0.8594 
 446  0.02253   0.8691   0.2345  197.40015   0.8691 
 447  0.02258   0.8787   0.2441  194.86706   0.8787 
 448  0.02263   0.8881   0.2540  192.27462   0.8881 
 449  0.02268   0.8974   0.2640  189.62361   0.8974 
 450  0.02273   0.9065   0.2743  186.91484   0.9065 
 451  0.02278   0.9155   0.2849  184.14914   0.9155 
 452  0.02283   0.9243   0.2956  181.32734   0.9243 
 453  0.02288   0.9330   0.3065  178.45030   0.9330 
 454  0.02293   0.9415   0.3175  175.51891   0.9415 
 455  0.02298   0.9498   0.3287  172.53405   0.9498 
 456  0.02303   0.9580   0.3401  169.49664   0.9580 
 457  0.02308   0.9660   0.3516  166.40760   0.9660 
 458  0.02313   0.9739   0.3632  163.26787   0.9739 
 459  0.02318   0.9815   0.3748  160.07840   0.9815 
 460  0.02323   0.9890   0.3866  156.84018   0.9890 
 461  0.02328   0.9963   0.3983  153.55418   0.9963 
 462  0.02333   1.0034   0.4101  150.22140   1.0034 
 463  0.02338   1.0104   0.4220  146.84287   1.0104 
 464  0.02343   1.0171   0.4337  143.41960   1.0171 
 465  0.02348   1.0237   0.4455  139.95265   1.0237 
 466  0.02354   1.0301   0.4572  136.44307   1.0301 
 467  0.02359   1.0363   0.4688  132.89192   1.0363 
 468  0.02364   1.0422   0.4803  129.30030   1.0422 
 469  0.02369   1.0480   0.4916  125.66929   1.0480 
 470  0.02374   1.0536   0.5028  122.00000   1.0536 
 471  0.02379   1.0590   0.5138  118.29355   1.0590 
 472  0.02384   1.0642   0.5246  114.55106   1.0642 
 473  0.02389   1.0692   0.5352  110.77368   1.0692 
 474  0.02394   1.0740   0.5455  106.96256   1.0740 
 475  0.02399   1.0785   0.5555  103.11886   1.0785 
 476  0.02404   1.0829   0.5653  99.24374   1.0829 
 477  0.02409   1.0871   0.5747  95.33840   1.0871 
 478  0.02414   1.0910   0.5837  91.40401   1.0910 
 479  0.02419   1.0948   0.5924  87.44178   1.0948 
 480  0.02424   1.0983   0.6007  83.45291   1.0983 
 481  0.02429   1.1016   0.6086  79.43863   1.1016 
 482  0.02434   1.1047   0.6161  75.40015   1.1047 
 483  0.02439   1.1076   0.6232  71.33870   1.1076 
 484  0.02444   1.1103   0.6297  67.25551   1.1103 
 485  0.02449   1.1127   0.6358  63.15185   1.1127 
 486  0.02455   1.1150   0.6415  59.02894   1.1150 
 487  0.02460   1.1170   0.6466  54.88806   1.1170 
 488  0.02465   1.1188   0.6512  50.73045   1.1188 
 489  0.02470   1.1204   0.6552  46.55739   1.1204 
 490  0.02475   1.1218   0.6588  42.37016   1.1218 
 491  0.02480   1.1229   0.6618  38.17001   1.1229 
 492  0.02485   1.1239   0.6642  33.95824   1.1239 
 493  0.02490   1.1246   0.6661  29.73612   1.1246 
 494  0.02495   1.1251   0.6674  25.50495   1.1251 
 495  0.02500   1.1254   0.6682  21.26600   1.1254 
 496  0.02505   1.1255   0.6684  17.02058   1.1255 
 497  0.02510   1.1254   0.6681  12.76997   1.1254 
 498  0.02515   1.1250   0.6672  8.51548   1.1250 
 499  0.02520   1.1245   0.6657  4.25839   1.1245 
 500  0.02525   1.1237   0.6637  -0.00000   1.1237 
 501  0.02530   1.1227   0.6612  -4.25839   1.1227 
 502  0.02535   1.1215   0.6581  -8.51548   1.1215 
 503  0.02540   1.1201   0.6545  -12.76997   1.1201 
 504  0.02545   1.1185   0.6504  -17.02058   1.1185 
 505  0.02551   1.1167   0.6457  -21.26600   1.1167 
 506  0.02556   1.1146   0.6406  -25.50495   1.1146 
 507  0.02561   1.1124   0.6350  -29.73612   1.1124 
 508  0.02566   1.1099   0.6289  -33.95824   1.1099 
 509  0.02571   1.1073   0.6224  -38.17001   1.1073 
 510  0.02576   1.1044   0.6154  -42.37016   1.1044 
 511  0.02581   1.1013   0.6080  -46.55739   1.1013 
 512  0.02586   1.0981   0.6002  -50.73045   1.0981 
 513  0.02591   1.0946   0.5920  -54.88806   1.0946 
 514  0.02596   1.0909   0.5835  -59.02894   1.0909 
 515  0.02601   1.0871   0.5746  -63.15185   1.0871 
 516  0.02606   1.0830   0.5654  -67.25551   1.0830 
 517  0.02611   1.0787   0.5559  -71.33870   1.0787 
 518  0.02616   1.0743   0.5462  -75.40015   1.0743 
 519  0.02621   1.0696   0.5361  -79.43863   1.0696 
 520  0.02626   1.0648   0.5259  -83.45291   1.0648 
 521  0.02631   1.0598   0.5154  -87.44178   1.0598 
 522  0.02636   1.0545   0.5047  -91.40401   1.0545 
 523  0.02641   1.0491   0.4938  -95.33840   1.0491 
 524  0.02646   1.0436   0.4828  -99.24374   1.0436 
 525  0.02652   1.0378   0.4717  -103.11886   1.0378 
 526  0.02657   1.0318   0.4605  -106.96256   1.0318 
 527  0.02662   1.0257   0.4492  -110.77368   1.0257 
 528  0.02667   1.0194   0.4378  -114.55106   1.0194 
 529  0.02672   1.0129   0.4264  -118.29355   1.0129 
 530  0.02677   1.0063   0.4149  -122.00000   1.0063 
 531  0.02682   0.9994   0.4035  -125.66929   0.9994 
 532  0.02687   0.9924   0.3920  -129.30030   0.9924 
 533  0.02692   0.9853   0.3806  -132.89192   0.9853 
 534  0.02697   0.9779   0.3693  -136.44307   0.9779 
 535  0.02702   0.9704   0.3580  -139.95265   0.9704 
 536  0.02707   0.9628   0.3469  -143.41960   0.9628 
 537  0.02712   0.9550   0.3358  -146.84287   0.9550 
 538  0.02717   0.9470   0.3249  -150.22140   0.9470 
 539  0.02722   0.9389   0.3140  -153.55418   0.9389 
 540  0.02727   0.9306   0.3034  -156.84018   0.9306 
 541  0.02732   0.9221   0.2929  -160.07840   0.9221 
 542  0.02737   0.9135   0.2825  -163.26787   0.9135 
 543  0.02742   0.9048   0.2724  -166.40760   0.9048 
 544  0.02747   0.8959   0.2624  -169.49664   0.8959 
 545  0.02753   0.8869   0.2527  -172.53405   0.8869 
 546  0.02758   0.8778   0.2432  -175.51891   0.8778 
 547  0.02763   0.8685   0.2339  -178.45030   0.8685 
 548  0.02768   0.8590   0.2248  -181.32734   0.8590 
 549  0.02773   0.8495   0.2159  -184.14914   0.8495 
 550  0.02778   0.8398   0.2073  -186.91484   0.8398 
 551  0.02783   0.8300   0.1989  -189.62361   0.8300 
 552  0.02788   0.8200   0.1908  -192.27462   0.8200 
 553  0.02793   0.8100   0.1829  -194.86706   0.8100 
 554  0.02798   0.7998   0.1753  -197.40015   0.7998 
 555  0.02803   0.7895   0.1680  -199.87310   0.7895 
 556  0.02808   0.7791   0.1608  -202.28517   0.7791 
 557  0.02813   0.7685   0.1540  -204.63562   0.7685 
 558  0.02818   0.7579   0.1473  -206.92374   0.7579 
 559  0.02823   0.7472   0.1410  -209.14882   0.7472 
 560  0.02828   0.7363   0.1348  -211.31020   0.7363 
 561  0.02833   0.7254   0.1290  -213.40721   0.7254 
 562  0.02838   0.7144   0.1233  -215.43921   0.7144 
 563  0.02843   0.7033   0.1179  -217.40559   0.7033 
 564  0.02848   0.6920   0.1127  -219.30575   0.6920 
 565  0.02854   0.6807   0.1078  -221.13910   0.6807 
 566  0.02859   0.6694   0.1030  -222.90509   0.6694 
 567  0.02864   0.6579   0.0985  -224.60318   0.6579 
 568  0.02869   0.6464   0.0942  -226.23286   0.6464 
 569  0.02874   0.6347   0.0900  -227.79362   0.6347 
 570  0.02879   0.6231   0.0861  -229.28500   0.6231 
 571  0.02884   0.6113   0.0824  -230.70653   0.6113 
 572  0.02889   0.5995   0.0788  -232.05779   0.5995 
 573  0.02894   0.5876   0.0754  -233.33836   0.5876 
 574  0.02899   0.5757   0.0722  -234.54785   0.5757 
 575  0.02904   0.5637   0.0691  -235.68590   0.5637 
 576  0.02909   0.5517   0.0662  -236.75216   0.5517 
 577  0.02914   0.5396   0.0634  -237.74630   0.5396 
 578  0.02919   0.5274   0.0608  -238.66801   0.5274 
 579  0.02924   0.5153   0.0583  -239.51703   0.5153 
 580  0.02929   0.5031   0.0559  -240.29309   0.5031 
 581  0.02934   0.4908   0.0536  -240.99596   0.4908 
 582  0.02939   0.4786   0.0514  -241.62541   0.4786 
 583  0.02944   0.4663   0.0493  -242.18126   0.4663 
 584  0.02949   0.4540   0.0474  -242.66334   0.4540 
 585  0.02955   0.4416   0.0455  -243.07151   0.4416 
 586  0.02960   0.4293   0.0436  -243.40563   0.4293 
 587  0.02965   0.4169   0.0419  -243.66561   0.4169 
 588  0.02970   0.4046   0.0402  -243.85136   0.4046 
 589  0.02975   0.3922   0.0386  -243.96284   0.3922 
 590  0.02980   0.3798   0.0370  -244.00000   0.3798 
 591  0.02985   0.3675   0.0355  -243.96284   0.3675 
 592  0.02990   0.3551   0.0341  -243.85136   0.3551 
 593  0.02995   0.3428   0.0327  -243.66561   0.3428 
 594  0.03000   0.3304   0.0313  -243.40563   0.3304 
 595  0.03005   0.3181   0.0300  -243.07151   0.3181 
 596  0.03010   0.3058   0.0287  -242.66334   0.3058 
 597  0.03015   0.2936   0.0274  -242.18126   0.2936 
 598  0.03020   0.2813   0.0262  -241.62541   0.2813 
 599  0.03025   0.2691   0.0249  -240.99596   0.2691 
 600  0.03030   0.2570   0.0237  -240.29309   0.2570 
 601  0.03035   0.2448   0.0226  -239.51703   0.2448 
 602  0.03040   0.2328   0.0214  -238.66801   0.2328 
 603  0.03045   0.2207   0.0202  -237.74630   0.2207 
 604  0.03051   0.2087   0.0191  -236.75216   0.2087 
 605  0.03056   0.1968   0.0180  -235.68590   0.1968 
 606  0.03061   0.1850   0.0169  -234.54785   0.1850 
 607  0.03066   0.1731   0.0158  -233.33836   0.1731 
 608  0.03071   0.1614   0.0147  -232.05779   0.1614 
 609  0.03076   0.1497   0.0136  -230.70653   0.1497 
 610  0.03081   0.1381   0.0126  -229.28500   0.1381 
 611  0.03086   0.1266   0.0115  -227.79362   0.1266 
 612  0.03091   0.1152   0.0105  -226.23286   0.1152 
 613  0.03096   0.1038   0.0095  -224.60318   0.1038 
 614  0.03101   0.0926   0.0084  -222.90509   0.0926 
 615  0.03106   0.0814   0.0074  -221.13910   0.0814 
 616  0.03111   0.0703   0.0064  -219.30575   0.0703 
 617  0.03116   0.0593   0.0054  -217.40559   0.0593 
 618  0.03121   0.0484   0.0044  -215.43921   0.0484 
 619  0.03126   0.0376   0.0034  -213.40721   0.0376 
 620  0.03131   0.0270   0.0025  -211.31020   0.0270 
 621  0.03136   0.0164   0.0015  -209.14882   0.0164 
 622  0.03141   0.0059   0.0005  -206.92374   0.0059 
 623  0.03146  -0.0044   -0.0004  -204.63562   -0.0044 
 624  0.03152  -0.0146   -0.0013  -202.28517   -0.0146 
 625  0.03157  -0.0247   -0.0022  -199.87310   -0.0247 
 626  0.03162  -0.0347   -0.0032  -197.40015   -0.0347 
 627  0.03167  -0.0445   -0.0040  -194.86706   -0.0445 
 628  0.03172  -0.0542   -0.0049  -192.27462   -0.0542 
 629  0.03177  -0.0638   -0.0058  -189.62361   -0.0638 
 630  0.03182  -0.0732   -0.0067  -186.91484   -0.0732 
 631  0.03187  -0.0825   -0.0075  -184.14914   -0.0825 
 632  0.03192  -0.0917   -0.0083  -181.32734   -0.0917 
 633  0.03197  -0.1007   -0.0092  -178.45030   -0.1007 
 634  0.03202  -0.1095   -0.0100  -175.51891   -0.1095 
 635  0.03207  -0.1182   -0.0108  -172.53405   -0.1182 
 636  0.03212  -0.1268   -0.0115  -169.49664   -0.1268 
 637  0.03217  -0.1352   -0.0123  -166.40760   -0.1352 
 638  0.03222  -0.1434   -0.0131  -163.26787   -0.1434 
 639  0.03227  -0.1515   -0.0138  -160.07840   -0.1515 
 640  0.03232  -0.1594   -0.0145  -156.84018   -0.1594 
 641  0.03237  -0.1671   -0.0152  -153.55418   -0.1671 
 642  0.03242  -0.1747   -0.0159  -150.22140   -0.1747 
 643  0.03247  -0.1821   -0.0166  -146.84287   -0.1821 
 644  0.03253  -0.1893   -0.0173  -143.41960   -0.1893 
 645  0.03258  -0.1963   -0.0180  -139.95265   -0.1963 
 646  0.03263  -0.2032   -0.0186  -136.44307   -0.2032 
 647  0.03268  -0.2099   -0.0192  -132.89192   -0.2099 
 648  0.03273  -0.2164   -0.0198  -129.30030   -0.2164 
 649  0.03278  -0.2227   -0.0204  -125.66929   -0.2227 
 650  0.03283  -0.2289   -0.0210  -122.00000   -0.2289 
 651  0.03288  -0.2348   -0.0216  -118.29355   -0.2348 
 652  0.03293  -0.2406   -0.0221  -114.55106   -0.2406 
 653  0.03298  -0.2461   -0.0227  -110.77368   -0.2461 
 654  0.03303  -0.2515   -0.0232  -106.96256   -0.2515 
 655  0.03308  -0.2567   -0.0237  -103.11886   -0.2567 
 656  0.03313  -0.2617   -0.0242  -99.24374   -0.2617 
 657  0.03318  -0.2665   -0.0247  -95.33840   -0.2665 
 658  0.03323  -0.2711   -0.0251  -91.40401   -0.2711 
 659  0.03328  -0.2755   -0.0256  -87.44178   -0.2755 
 660  0.03333  -0.2796   -0.0260  -83.45291   -0.2796 
 661  0.03338  -0.2836   -0.0264  -79.43863   -0.2836 
 662  0.03343  -0.2874   -0.0268  -75.40015   -0.2874 
 663  0.03348  -0.2910   -0.0271  -71.33870   -0.2910 
 664  0.03354  -0.2943   -0.0275  -67.25551   -0.2943 
 665  0.03359  -0.2975   -0.0278  -63.15185   -0.2975 
 666  0.03364  -0.3004   -0.0281  -59.02894   -0.3004 
 667  0.03369  -0.3032   -0.0284  -54.88806   -0.3032 
 668  0.03374  -0.3057   -0.0287  -50.73045   -0.3057 
 669  0.03379  -0.3080   -0.0289  -46.55739   -0.3080 
 670  0.03384  -0.3101   -0.0291  -42.37016   -0.3101 
 671  0.03389  -0.3120   -0.0293  -38.17001   -0.3120 
 672  0.03394  -0.3137   -0.0295  -33.95824   -0.3137 
 673  0.03399  -0.3152   -0.0297  -29.73612   -0.3152 
 674  0.03404  -0.3164   -0.0298  -25.50495   -0.3164 
 675  0.03409  -0.3175   -0.0299  -21.26600   -0.3175 
 676  0.03414  -0.3183   -0.0300  -17.02058   -0.3183 
 677  0.03419  -0.3189   -0.0301  -12.76997   -0.3189 
 678  0.03424  -0.3193   -0.0301  -8.51548   -0.3193 
 679  0.03429  -0.3195   -0.0301  -4.25839   -0.3195 
 680  0.03434  -0.3194   -0.0301  0.00000   -0.3194 
 681  0.03439  -0.3192   -0.0301  4.25839   -0.3192 
 682  0.03444  -0.3187   -0.0300  8.51548   -0.3187 
 683  0.03449  -0.3180   -0.0300  12.76997   -0.3180 
 684  0.03455  -0.3172   -0.0299  17.02058   -0.3172 
 685  0.03460  -0.3160   -0.0297  21.26600   -0.3160 
 686  0.03465  -0.3147   -0.0296  25.50495   -0.3147 
 687  0.03470  -0.3132   -0.0294  29.73612   -0.3132 
 688  0.03475  -0.3114   -0.0293  33.95824   -0.3114 
 689  0.03480  -0.3095   -0.0291  38.17001   -0.3095 
 690  0.03485  -0.3073   -0.0288  42.37016   -0.3073 
 691  0.03490  -0.3049   -0.0286  46.55739   -0.3049 
 692  0.03495  -0.3023   -0.0283  50.73045   -0.3023 
 693  0.03500  -0.2995   -0.0280  54.88806   -0.2995 
 694  0.03505  -0.2965   -0.0277  59.02894   -0.2965 
 695  0.03510  -0.2933   -0.0274  63.15185   -0.2933 
 696  0.03515  -0.2899   -0.0270  67.25551   -0.2899 
 697  0.03520  -0.2862   -0.0266  71.33870   -0.2862 
 698  0.03525  -0.2824   -0.0263  75.40015   -0.2824 
 699  0.03530  -0.2783   -0.0259  79.43863   -0.2783 
 700  0.03535  -0.2741   -0.0254  83.45291   -0.2741 
 701  0.03540  -0.2696   -0.0250  87.44178   -0.2696 
 702  0.03545  -0.2650   -0.0245  91.40401   -0.2650 
 703  0.03551  -0.2602   -0.0240  95.33840   -0.2602 
 704  0.03556  -0.2551   -0.0236  99.24374   -0.2551 
 705  0.03561  -0.2499   -0.0230  103.11886   -0.2499 
 706  0.03566  -0.2445   -0.0225  106.96256   -0.2445 
 707  0.03571  -0.2388   -0.0220  110.77368   -0.2388 
 708  0.03576  -0.2330   -0.0214  114.55106   -0.2330 
 709  0.03581  -0.2270   -0.0208  118.29355   -0.2270 
 710  0.03586  -0.2208   -0.0203  122.00000   -0.2208 
 711  0.03591  -0.2145   -0.0197  125.66929   -0.2145 
 712  0.03596  -0.2079   -0.0190  129.30030   -0.2079 
 713  0.03601  -0.2012   -0.0184  132.89192   -0.2012 
 714  0.03606  -0.1943   -0.0178  136.44307   -0.1943 
 715  0.03611  -0.1872   -0.0171  139.95265   -0.1872 
 716  0.03616  -0.1799   -0.0164  143.41960   -0.1799 
 717  0.03621  -0.1725   -0.0157  146.84287   -0.1725 
 718  0.03626  -0.1649   -0.0150  150.22140   -0.1649 
 719  0.03631  -0.1571   -0.0143  153.55418   -0.1571 
 720  0.03636  -0.1492   -0.0136  156.84018   -0.1492 
 721  0.03641  -0.1411   -0.0129  160.07840   -0.1411 
 722  0.03646  -0.1328   -0.0121  163.26787   -0.1328 
 723  0.03652  -0.1244   -0.0113  166.40760   -0.1244 
 724  0.03657  -0.1158   -0.0105  169.49664   -0.1158 
 725  0.03662  -0.1071   -0.0097  172.53405   -0.1071 
 726  0.03667  -0.0982   -0.0089  175.51891   -0.0982 
 727  0.03672  -0.0892   -0.0081  178.45030   -0.0892 
 728  0.03677  -0.0800   -0.0073  181.32734   -0.0800 
 729  0.03682  -0.0707   -0.0064  184.14914   -0.0707 
 730  0.03687  -0.0613   -0.0056  186.91484   -0.0613 
 731  0.03692  -0.0517   -0.0047  189.62361   -0.0517 
 732  0.03697  -0.0420   -0.0038  192.27462   -0.0420 
 733  0.03702  -0.0321   -0.0029  194.86706   -0.0321 
 734  0.03707  -0.0221   -0.0020  197.40015   -0.0221 
 735  0.03712  -0.0120   -0.0011  199.87310   -0.0120 
 736  0.03717  -0.0018   -0.0002  202.28517   -0.0018 
 737  0.03722   0.0085   0.0008  204.63562   0.0085 
 738  0.03727   0.0190   0.0017  206.92374   0.0190 
 739  0.03732   0.0295   0.0027  209.14882   0.0295 
 740  0.03737   0.0402   0.0037  211.31020   0.0402 
 741  0.03742   0.0510   0.0046  213.40721   0.0510 
 742  0.03747   0.0618   0.0056  215.43921   0.0618 
 743  0.03753   0.0728   0.0066  217.40559   0.0728 
 744  0.03758   0.0839   0.0076  219.30575   0.0839 
 745  0.03763   0.0950   0.0087  221.13910   0.0950 
 746  0.03768   0.1063   0.0097  222.90509   0.1063 
 747  0.03773   0.1176   0.0107  224.60318   0.1176 
 748  0.03778   0.1290   0.0118  226.23286   0.1290 
 749  0.03783   0.1405   0.0128  227.79362   0.1405 
 750  0.03788   0.1521   0.0139  229.28500   0.1521 
 751  0.03793   0.1637   0.0149  230.70653   0.1637 
 752  0.03798   0.1754   0.0160  232.05779   0.1754 
 753  0.03803   0.1872   0.0171  233.33836   0.1872 
 754  0.03808   0.1990   0.0182  234.54785   0.1990 
 755  0.03813   0.2109   0.0193  235.68590   0.2109 
 756  0.03818   0.2228   0.0204  236.75216   0.2228 
 757  0.03823   0.2348   0.0216  237.74630   0.2348 
 758  0.03828   0.2468   0.0227  238.66801   0.2468 
 759  0.03833   0.2589   0.0239  239.51703   0.2589 
 760  0.03838   0.2710   0.0251  240.29309   0.271